1249563644116918273
1249512321703202819
1249491718157680640
1249432266515701760
1249429827930583040
1249425739641802753
1249420138996088832
1249413213533298688
1249406506073600000
1249404377694998528
1249400697973379073
1249399246446415873
1249398669599592448
1249395063206998016
1249386513055518720
1249563644116918273
1249512321703202819
1249491718157680640
1249432266515701760
1249429827930583040
1249425739641802753
1249420138996088832
1249413213533298688
1249406506073600000
1249404377694998528
1249400697973379073
1249399246446415873
1249398669599592448
1249395063206998016
1249386513055518720
1249606188964155392
1249571180064862208
1249534102916628485
1249533858317398016
1249533431966347264
1249523079660703745
1249517699794755584
1249505399289663488
1249500868413546496
1249500829591060480
1249500779141951488
1249499355297398784
1249497838364442625
1249496421662773249
1249495915015991297
1249606188964155392
1249571180064862208
1249534102916628485
1249533858317398016
1249533431966347264
1249523079660703745
1249517699794755584
1249505399289663488
1249500868413546496
1249500829591060480
1249500779141951488
1249499355297398784
1249497838364442625
1249496421662773249
1249495915015991297
1249606188964155392
1249571180064862208
1249534102916628485
1249533858317398016
1249533431966347264
1249523079660703745
1249517699794755584
1249505399289663488
1249500868413546496
1249500829591060480
1249500779141951488
1249499355297398784
1249497838364442625
1249496421662773249
1249495915015991297
1249606188964155392
1249571180064862208
1249534102916628485
1249533858317398016
1249533431966347264
1249523079660703745
1249517699794755584
1249505399289663488
1249500868413546496
1249500829591060480
1249500779141951488
1249499355297398784
1249497838364442625
1249496421662773249
1249495915015991297
1249606188964155392
1249571180064862208
1249534102916628485
1249533858317398016
1249533431966347264
1249523079660703745
1249517699794755584
1249505399289663488
1249500868413546496
1249500829591060480
1249500779141951488
1249499355297398784
1249497838364442625
1249496421662773249
1249495915015991297
1249606188964155392
1249571180064862208
1249534102916628485
1249533858317398016
1249533431966347264
1249523079660703745
1249517699794755584
1249505399289663488
1249500868413546496
1249500829591060480
1249500779141951488
1249499355297398784
1249497838364442625
1249496421662773249
1249495915015991297
1249606188964155392
1249571180064862208
1249534102916628485
1249533858317398016
1249533431966347264
1249523079660703745
1249517699794755584
1249505399289663488
1249500868413546496
1249500829591060480
1249500779141951488
1249499355297398784
1249497838364442625
1249496421662773249
1249495915015991297
1249606188964155392
1249571180064862208
1249534102916628485
1249533858317398016
1249533431966347264
1249523079660703745
1249517699794755584
1249505399289663488
1249500868413546496
1249500829591060480
1249500779141951488
1249499355297398784
1249497838364442625
1249496421662773249
1249495915015991297
